/space/grp/rschwartz/rschwartz/evaluation_summary.nf/hsap_2024/b2/ab68c1b2e16f5723a2358f13c7e2ab/weighted_f1_~_reference_+_method_+_cutoff_+_subsample_ref_+_disease_state_+_sex_+_region_match_+_method:cutoff_+_reference:method/subclass/files/method_emmeans_estimates.tsv